0,0,0
0,1,0
0,2,0
0,3,0
0,4,0
0,5,0
0,6,0
0,7,0
0,8,0
0,9,0
0,10,0
0,11,0
0,12,0
0,13,0
0,14,0
0,15,0
0,16,0
0,17,0
0,18,0
0,19,0
0,20,0
0,21,0
0,22,0
0,23,0
0,24,0
0,25,0
0,26,0
0,27,0
0,28,0
0,29,0
0,30,0
0,31,0
0,32,0
0,33,0
1,0,0
1,1,0
1,2,0
1,3,0
1,4,0
1,5,0
1,6,0
1,7,0
1,8,0
1,9,0
1,10,0
1,11,0
1,12,0
1,13,0
1,14,0
1,15,0
1,16,0
1,17,0
1,18,0
1,19,0
1,20,0
1,21,0
1,22,0
1,23,0
1,24,0
1,25,0
1,26,0
1,27,0
1,28,0
1,29,0
1,30,0
1,31,0
1,32,0
1,33,0
2,0,0
2,1,0
2,2,0
2,3,0
2,4,0
2,5,0
2,6,0
2,7,0
2,8,0
2,9,0
2,10,0
2,11,0
2,12,0
2,13,0
2,14,0
2,15,0
2,16,0
2,17,0
2,18,0
2,19,0
2,20,0
2,21,0
2,22,0
2,23,0
2,24,0
2,25,0
2,26,0
2,27,0
2,28,0
2,29,0
2,30,0
2,31,0
2,32,0
2,33,0
3,0,0
3,1,0
3,2,0
3,3,0
3,4,0
3,5,0
3,6,0
3,7,0
3,8,0
3,9,0
3,10,0
3,11,0
3,12,0
3,13,0
3,14,0
3,15,0
3,16,0
3,17,0
3,18,0
3,19,0
3,20,0
3,21,0
3,22,0
3,23,0
3,24,0
3,25,0
3,26,0
3,27,0
3,28,0
3,29,0
3,30,0
3,31,0
3,32,0
3,33,0
4,0,0
4,1,0
4,2,0
4,3,0
4,4,0
4,5,0
4,6,0
4,7,0
4,8,0
4,9,0
4,10,0
4,11,0
4,12,0
4,13,0
4,14,0
4,15,0
4,16,0
4,17,0
4,18,0
4,19,0
4,20,0
4,21,0
4,22,0
4,23,0
4,24,0
4,25,0
4,26,0
4,27,0
4,28,0
4,29,0
4,30,0
4,31,0
4,32,0
4,33,0
0,0,0
0,1,4
0,2,1
0,3,21
0,4,7
0,5,1
0,6,7
0,7,0
0,8,10
0,9,2
0,10,4
0,11,5
0,12,4
0,13,2
0,14,4
0,15,14
0,16,8
0,17,1
0,18,3
0,19,3
0,20,5
0,21,3
0,22,1
0,23,2
0,24,1
0,25,0
0,26,2
0,27,0
0,28,2
0,29,0
0,30,2
0,31,0
0,32,2
0,33,1
1,0,0
1,1,4
1,2,1
1,3,21
1,4,7
1,5,1
1,6,7
1,7,0
1,8,10
1,9,2
1,10,4
1,11,5
1,12,4
1,13,2
1,14,4
1,15,14
1,16,8
1,17,1
1,18,3
1,19,3
1,20,5
1,21,3
1,22,1
1,23,2
1,24,1
1,25,0
1,26,2
1,27,0
1,28,2
1,29,0
1,30,2
1,31,0
1,32,1
1,33,1
2,0,0
2,1,4
2,2,1
2,3,21
2,4,7
2,5,1
2,6,7
2,7,0
2,8,10
2,9,2
2,10,4
2,11,5
2,12,4
2,13,2
2,14,4
2,15,14
2,16,8
2,17,1
2,18,3
2,19,3
2,20,5
2,21,3
2,22,1
2,23,2
2,24,1
2,25,0
2,26,2
2,27,0
2,28,2
2,29,0
2,30,2
2,31,1
2,32,2
2,33,1
3,0,0
3,1,4
3,2,1
3,3,21
3,4,7
3,5,1
3,6,7
3,7,0
3,8,10
3,9,2
3,10,4
3,11,5
3,12,4
3,13,2
3,14,4
3,15,14
3,16,8
3,17,1
3,18,3
3,19,3
3,20,5
3,21,3
3,22,1
3,23,2
3,24,1
3,25,0
3,26,2
3,27,0
3,28,2
3,29,0
3,30,2
3,31,1
3,32,0
3,33,1
4,0,0
4,1,4
4,2,1
4,3,21
4,4,7
4,5,1
4,6,7
4,7,0
4,8,10
4,9,2
4,10,4
4,11,5
4,12,4
4,13,2
4,14,4
4,15,14
4,16,8
4,17,1
4,18,3
4,19,3
4,20,5
4,21,3
4,22,1
4,23,2
4,24,1
4,25,0
4,26,2
4,27,0
4,28,2
4,29,0
4,30,2
4,31,1
4,32,1
4,33,1
0,0,0
0,1,4
0,2,2
0,3,12
0,4,14
0,5,2
0,6,12
0,7,0
0,8,5
0,9,2
0,10,4
0,11,10
0,12,7
0,13,2
0,14,4
0,15,7
0,16,8
0,17,2
0,18,0
0,19,1
0,20,2
0,21,1
0,22,1
0,23,0
0,24,1
0,25,2
0,26,1
0,27,1
0,28,1
0,29,2
0,30,0
0,31,1
0,32,1
0,33,1
1,0,0
1,1,4
1,2,2
1,3,12
1,4,14
1,5,2
1,6,12
1,7,0
1,8,5
1,9,2
1,10,4
1,11,10
1,12,7
1,13,2
1,14,4
1,15,7
1,16,8
1,17,2
1,18,0
1,19,1
1,20,2
1,21,1
1,22,1
1,23,0
1,24,1
1,25,2
1,26,1
1,27,1
1,28,1
1,29,2
1,30,0
1,31,1
1,32,2
1,33,1
2,0,0
2,1,4
2,2,2
2,3,12
2,4,14
2,5,2
2,6,12
2,7,0
2,8,5
2,9,2
2,10,4
2,11,10
2,12,7
2,13,2
2,14,4
2,15,7
2,16,8
2,17,2
2,18,0
2,19,1
2,20,2
2,21,1
2,22,1
2,23,0
2,24,1
2,25,2
2,26,1
2,27,1
2,28,1
2,29,2
2,30,1
2,31,0
2,32,2
2,33,1
3,0,0
3,1,4
3,2,2
3,3,12
3,4,14
3,5,2
3,6,12
3,7,0
3,8,5
3,9,2
3,10,4
3,11,10
3,12,7
3,13,2
3,14,4
3,15,7
3,16,8
3,17,2
3,18,0
3,19,1
3,20,2
3,21,1
3,22,1
3,23,0
3,24,1
3,25,2
3,26,1
3,27,1
3,28,1
3,29,2
3,30,1
3,31,0
3,32,1
3,33,1
4,0,0
4,1,4
4,2,2
4,3,12
4,4,14
4,5,2
4,6,12
4,7,0
4,8,5
4,9,2
4,10,4
4,11,10
4,12,7
4,13,2
4,14,4
4,15,7
4,16,8
4,17,2
4,18,0
4,19,1
4,20,2
4,21,1
4,22,1
4,23,0
4,24,1
4,25,2
4,26,1
4,27,1
4,28,1
4,29,2
4,30,1
4,31,1
4,32,1
4,33,1
0,0,0
0,1,4
0,2,2
0,3,12
0,4,14
0,5,2
0,6,12
0,7,0
0,8,5
0,9,2
0,10,4
0,11,10
0,12,7
0,13,2
0,14,4
0,15,7
0,16,8
0,17,2
0,18,0
0,19,1
0,20,2
0,21,1
0,22,1
0,23,0
0,24,1
0,25,2
0,26,1
0,27,1
0,28,1
0,29,2
0,30,0
0,31,1
0,32,1
0,33,1
1,0,0
1,1,4
1,2,2
1,3,12
1,4,14
1,5,2
1,6,12
1,7,0
1,8,5
1,9,2
1,10,4
1,11,10
1,12,7
1,13,2
1,14,4
1,15,7
1,16,8
1,17,2
1,18,0
1,19,1
1,20,2
1,21,1
1,22,1
1,23,0
1,24,1
1,25,2
1,26,1
1,27,1
1,28,1
1,29,2
1,30,0
1,31,1
1,32,2
1,33,1
2,0,0
2,1,4
2,2,2
2,3,12
2,4,14
2,5,2
2,6,12
2,7,0
2,8,5
2,9,2
2,10,4
2,11,10
2,12,7
2,13,2
2,14,4
2,15,7
2,16,8
2,17,2
2,18,0
2,19,1
2,20,2
2,21,1
2,22,1
2,23,0
2,24,1
2,25,2
2,26,1
2,27,1
2,28,1
2,29,2
2,30,1
2,31,0
2,32,2
2,33,1
3,0,0
3,1,4
3,2,2
3,3,12
3,4,14
3,5,2
3,6,12
3,7,0
3,8,5
3,9,2
3,10,4
3,11,10
3,12,7
3,13,2
3,14,4
3,15,7
3,16,8
3,17,2
3,18,0
3,19,1
3,20,2
3,21,1
3,22,1
3,23,0
3,24,1
3,25,2
3,26,1
3,27,1
3,28,1
3,29,2
3,30,1
3,31,0
3,32,1
3,33,1
4,0,0
4,1,4
4,2,2
4,3,12
4,4,14
4,5,2
4,6,12
4,7,0
4,8,5
4,9,2
4,10,4
4,11,10
4,12,7
4,13,2
4,14,4
4,15,7
4,16,8
4,17,2
4,18,0
4,19,1
4,20,2
4,21,1
4,22,1
4,23,0
4,24,1
4,25,2
4,26,1
4,27,1
4,28,1
4,29,2
4,30,1
4,31,1
4,32,1
4,33,1
0,0,0
0,1,4
0,2,2
0,3,12
0,4,14
0,5,2
0,6,12
0,7,0
0,8,5
0,9,2
0,10,4
0,11,10
0,12,7
0,13,2
0,14,4
0,15,7
0,16,8
0,17,2
0,18,0
0,19,1
0,20,2
0,21,1
0,22,1
0,23,0
0,24,1
0,25,2
0,26,1
0,27,1
0,28,1
0,29,2
0,30,0
0,31,1
0,32,1
0,33,1
1,0,0
1,1,4
1,2,2
1,3,12
1,4,14
1,5,2
1,6,12
1,7,0
1,8,5
1,9,2
1,10,4
1,11,10
1,12,7
1,13,2
1,14,4
1,15,7
1,16,8
1,17,2
1,18,0
1,19,1
1,20,2
1,21,1
1,22,1
1,23,0
1,24,1
1,25,2
1,26,1
1,27,1
1,28,1
1,29,2
1,30,0
1,31,1
1,32,2
1,33,1
2,0,0
2,1,4
2,2,2
2,3,12
2,4,14
2,5,2
2,6,12
2,7,0
2,8,5
2,9,2
2,10,4
2,11,10
2,12,7
2,13,2
2,14,4
2,15,7
2,16,8
2,17,2
2,18,0
2,19,1
2,20,2
2,21,1
2,22,1
2,23,0
2,24,1
2,25,2
2,26,1
2,27,1
2,28,1
2,29,2
2,30,1
2,31,0
2,32,2
2,33,1
3,0,0
3,1,4
3,2,2
3,3,12
3,4,14
3,5,2
3,6,12
3,7,0
3,8,5
3,9,2
3,10,4
3,11,10
3,12,7
3,13,2
3,14,4
3,15,7
3,16,8
3,17,2
3,18,0
3,19,1
3,20,2
3,21,1
3,22,1
3,23,0
3,24,1
3,25,2
3,26,1
3,27,1
3,28,1
3,29,2
3,30,1
3,31,0
3,32,1
3,33,1
4,0,0
4,1,4
4,2,2
4,3,12
4,4,14
4,5,2
4,6,12
4,7,0
4,8,5
4,9,2
4,10,4
4,11,10
4,12,7
4,13,2
4,14,4
4,15,7
4,16,8
4,17,2
4,18,0
4,19,1
4,20,2
4,21,1
4,22,1
4,23,0
4,24,1
4,25,2
4,26,1
4,27,1
4,28,1
4,29,2
4,30,1
4,31,1
4,32,1
4,33,1
0,0,0
0,1,4
0,2,2
0,3,35
0,4,14
0,5,2
0,6,12
0,7,0
0,8,16
0,9,1
0,10,2
0,11,3
0,12,12
0,13,1
0,14,2
0,15,4
0,16,0
0,17,2
0,18,7
0,19,1
0,20,2
0,21,1
0,22,1
0,23,2
0,24,0
0,25,1
0,26,1
0,27,1
0,28,2
0,29,1
0,30,1
0,31,0
0,32,2
0,33,1
1,0,0
1,1,4
1,2,2
1,3,35
1,4,14
1,5,2
1,6,12
1,7,0
1,8,16
1,9,1
1,10,2
1,11,3
1,12,12
1,13,1
1,14,2
1,15,4
1,16,0
1,17,2
1,18,7
1,19,1
1,20,2
1,21,1
1,22,1
1,23,2
1,24,0
1,25,1
1,26,1
1,27,1
1,28,2
1,29,1
1,30,1
1,31,0
1,32,1
1,33,1
2,0,0
2,1,4
2,2,2
2,3,35
2,4,14
2,5,2
2,6,12
2,7,0
2,8,16
2,9,1
2,10,2
2,11,3
2,12,12
2,13,1
2,14,2
2,15,4
2,16,0
2,17,2
2,18,7
2,19,1
2,20,2
2,21,1
2,22,1
2,23,2
2,24,0
2,25,1
2,26,1
2,27,1
2,28,2
2,29,1
2,30,1
2,31,1
2,32,1
2,33,1
3,0,0
3,1,4
3,2,2
3,3,35
3,4,14
3,5,2
3,6,12
3,7,0
3,8,16
3,9,1
3,10,2
3,11,3
3,12,12
3,13,1
3,14,2
3,15,4
3,16,0
3,17,2
3,18,7
3,19,1
3,20,2
3,21,1
3,22,1
3,23,2
3,24,0
3,25,1
3,26,1
3,27,1
3,28,2
3,29,1
3,30,1
3,31,1
3,32,2
3,33,1
4,0,0
4,1,4
4,2,2
4,3,35
4,4,14
4,5,2
4,6,12
4,7,0
4,8,16
4,9,1
4,10,2
4,11,3
4,12,12
4,13,1
4,14,2
4,15,4
4,16,0
4,17,2
4,18,7
4,19,1
4,20,2
4,21,1
4,22,1
4,23,2
4,24,0
4,25,1
4,26,1
4,27,1
4,28,2
4,29,1
4,30,1
4,31,1
4,32,0
4,33,1
0,0,0
0,1,4
0,2,2
0,3,35
0,4,14
0,5,2
0,6,6
0,7,0
0,8,5
0,9,1
0,10,2
0,11,3
0,12,12
0,13,1
0,14,2
0,15,4
0,16,0
0,17,2
0,18,7
0,19,1
0,20,2
0,21,1
0,22,1
0,23,2
0,24,0
0,25,1
0,26,1
0,27,1
0,28,1
0,29,1
0,30,2
0,31,0
0,32,1
0,33,1
1,0,0
1,1,4
1,2,2
1,3,35
1,4,14
1,5,2
1,6,6
1,7,0
1,8,5
1,9,1
1,10,2
1,11,3
1,12,12
1,13,1
1,14,2
1,15,4
1,16,0
1,17,2
1,18,7
1,19,1
1,20,2
1,21,1
1,22,1
1,23,2
1,24,0
1,25,1
1,26,1
1,27,1
1,28,1
1,29,1
1,30,2
1,31,1
1,32,1
1,33,1
2,0,0
2,1,4
2,2,2
2,3,35
2,4,14
2,5,2
2,6,6
2,7,0
2,8,5
2,9,1
2,10,2
2,11,3
2,12,12
2,13,1
2,14,2
2,15,4
2,16,0
2,17,2
2,18,7
2,19,1
2,20,2
2,21,1
2,22,1
2,23,2
2,24,0
2,25,1
2,26,1
2,27,1
2,28,1
2,29,1
2,30,2
2,31,1
2,32,0
2,33,1
3,0,0
3,1,4
3,2,2
3,3,35
3,4,14
3,5,2
3,6,6
3,7,0
3,8,5
3,9,1
3,10,2
3,11,3
3,12,12
3,13,1
3,14,2
3,15,4
3,16,0
3,17,2
3,18,7
3,19,1
3,20,2
3,21,1
3,22,1
3,23,2
3,24,0
3,25,1
3,26,1
3,27,1
3,28,1
3,29,1
3,30,1
3,31,0
3,32,1
3,33,1
4,0,0
4,1,4
4,2,2
4,3,35
4,4,14
4,5,2
4,6,6
4,7,0
4,8,5
4,9,1
4,10,2
4,11,3
4,12,12
4,13,1
4,14,2
4,15,4
4,16,0
4,17,2
4,18,7
4,19,1
4,20,2
4,21,1
4,22,1
4,23,2
4,24,0
4,25,1
4,26,1
4,27,1
4,28,1
4,29,1
4,30,1
4,31,0
4,32,2
4,33,1
0,0,0
0,1,4
0,2,2
0,3,12
0,4,14
0,5,2
0,6,12
0,7,0
0,8,5
0,9,2
0,10,4
0,11,10
0,12,12
0,13,2
0,14,4
0,15,13
0,16,1
0,17,2
0,18,3
0,19,1
0,20,2
0,21,1
0,22,1
0,23,0
0,24,1
0,25,2
0,26,1
0,27,1
0,28,0
0,29,2
0,30,1
0,31,1
0,32,1
0,33,1
1,0,0
1,1,4
1,2,2
1,3,12
1,4,14
1,5,2
1,6,12
1,7,0
1,8,5
1,9,2
1,10,4
1,11,10
1,12,12
1,13,2
1,14,4
1,15,13
1,16,1
1,17,2
1,18,3
1,19,1
1,20,2
1,21,1
1,22,1
1,23,0
1,24,1
1,25,2
1,26,1
1,27,1
1,28,0
1,29,2
1,30,1
1,31,1
1,32,0
1,33,1
2,0,0
2,1,4
2,2,2
2,3,12
2,4,14
2,5,2
2,6,12
2,7,0
2,8,5
2,9,2
2,10,4
2,11,10
2,12,12
2,13,2
2,14,4
2,15,13
2,16,1
2,17,2
2,18,3
2,19,1
2,20,2
2,21,1
2,22,1
2,23,0
2,24,1
2,25,2
2,26,1
2,27,1
2,28,0
2,29,1
2,30,2
2,31,1
2,32,1
2,33,1
3,0,0
3,1,4
3,2,2
3,3,12
3,4,14
3,5,2
3,6,12
3,7,0
3,8,5
3,9,2
3,10,4
3,11,10
3,12,12
3,13,2
3,14,4
3,15,13
3,16,1
3,17,2
3,18,3
3,19,1
3,20,2
3,21,1
3,22,1
3,23,0
3,24,1
3,25,2
3,26,1
3,27,1
3,28,0
3,29,1
3,30,2
3,31,1
3,32,0
3,33,1
4,0,0
4,1,4
4,2,2
4,3,12
4,4,14
4,5,2
4,6,12
4,7,0
4,8,5
4,9,2
4,10,4
4,11,10
4,12,12
4,13,2
4,14,4
4,15,13
4,16,1
4,17,2
4,18,3
4,19,1
4,20,2
4,21,1
4,22,1
4,23,0
4,24,1
4,25,2
4,26,1
4,27,1
4,28,0
4,29,1
4,30,1
4,31,1
4,32,2
4,33,1
0,0,0
0,1,4
0,2,2
0,3,12
0,4,14
0,5,2
0,6,12
0,7,0
0,8,5
0,9,2
0,10,4
0,11,10
0,12,7
0,13,2
0,14,4
0,15,7
0,16,8
0,17,2
0,18,0
0,19,1
0,20,2
0,21,1
0,22,1
0,23,0
0,24,1
0,25,2
0,26,1
0,27,1
0,28,1
0,29,2
0,30,0
0,31,1
0,32,1
0,33,1
1,0,0
1,1,4
1,2,2
1,3,12
1,4,14
1,5,2
1,6,12
1,7,0
1,8,5
1,9,2
1,10,4
1,11,10
1,12,7
1,13,2
1,14,4
1,15,7
1,16,8
1,17,2
1,18,0
1,19,1
1,20,2
1,21,1
1,22,1
1,23,0
1,24,1
1,25,2
1,26,1
1,27,1
1,28,1
1,29,2
1,30,0
1,31,1
1,32,2
1,33,1
2,0,0
2,1,4
2,2,2
2,3,12
2,4,14
2,5,2
2,6,12
2,7,0
2,8,5
2,9,2
2,10,4
2,11,10
2,12,7
2,13,2
2,14,4
2,15,7
2,16,8
2,17,2
2,18,0
2,19,1
2,20,2
2,21,1
2,22,1
2,23,0
2,24,1
2,25,2
2,26,1
2,27,1
2,28,1
2,29,2
2,30,1
2,31,0
2,32,2
2,33,1
3,0,0
3,1,4
3,2,2
3,3,12
3,4,14
3,5,2
3,6,12
3,7,0
3,8,5
3,9,2
3,10,4
3,11,10
3,12,7
3,13,2
3,14,4
3,15,7
3,16,8
3,17,2
3,18,0
3,19,1
3,20,2
3,21,1
3,22,1
3,23,0
3,24,1
3,25,2
3,26,1
3,27,1
3,28,1
3,29,2
3,30,1
3,31,0
3,32,1
3,33,1
4,0,0
4,1,4
4,2,2
4,3,12
4,4,14
4,5,2
4,6,12
4,7,0
4,8,5
4,9,2
4,10,4
4,11,10
4,12,7
4,13,2
4,14,4
4,15,7
4,16,8
4,17,2
4,18,0
4,19,1
4,20,2
4,21,1
4,22,1
4,23,0
4,24,1
4,25,2
4,26,1
4,27,1
4,28,1
4,29,2
4,30,1
4,31,1
4,32,1
4,33,1
0,0,0
0,1,4
0,2,1
0,3,21
0,4,7
0,5,1
0,6,7
0,7,0
0,8,10
0,9,2
0,10,4
0,11,5
0,12,4
0,13,2
0,14,4
0,15,14
0,16,8
0,17,1
0,18,3
0,19,3
0,20,5
0,21,3
0,22,1
0,23,2
0,24,1
0,25,0
0,26,2
0,27,0
0,28,2
0,29,0
0,30,2
0,31,0
0,32,2
0,33,1
1,0,0
1,1,4
1,2,1
1,3,21
1,4,7
1,5,1
1,6,7
1,7,0
1,8,10
1,9,2
1,10,4
1,11,5
1,12,4
1,13,2
1,14,4
1,15,14
1,16,8
1,17,1
1,18,3
1,19,3
1,20,5
1,21,3
1,22,1
1,23,2
1,24,1
1,25,0
1,26,2
1,27,0
1,28,2
1,29,0
1,30,2
1,31,0
1,32,1
1,33,1
2,0,0
2,1,4
2,2,1
2,3,21
2,4,7
2,5,1
2,6,7
2,7,0
2,8,10
2,9,2
2,10,4
2,11,5
2,12,4
2,13,2
2,14,4
2,15,14
2,16,8
2,17,1
2,18,3
2,19,3
2,20,5
2,21,3
2,22,1
2,23,2
2,24,1
2,25,0
2,26,2
2,27,0
2,28,2
2,29,0
2,30,2
2,31,1
2,32,2
2,33,1
3,0,0
3,1,4
3,2,1
3,3,21
3,4,7
3,5,1
3,6,7
3,7,0
3,8,10
3,9,2
3,10,4
3,11,5
3,12,4
3,13,2
3,14,4
3,15,14
3,16,8
3,17,1
3,18,3
3,19,3
3,20,5
3,21,3
3,22,1
3,23,2
3,24,1
3,25,0
3,26,2
3,27,0
3,28,2
3,29,0
3,30,2
3,31,1
3,32,0
3,33,1
4,0,0
4,1,4
4,2,1
4,3,21
4,4,7
4,5,1
4,6,7
4,7,0
4,8,10
4,9,2
4,10,4
4,11,5
4,12,4
4,13,2
4,14,4
4,15,14
4,16,8
4,17,1
4,18,3
4,19,3
4,20,5
4,21,3
4,22,1
4,23,2
4,24,1
4,25,0
4,26,2
4,27,0
4,28,2
4,29,0
4,30,2
4,31,1
4,32,1
4,33,1
0,0,0
0,1,4
0,2,2
0,3,12
0,4,14
0,5,2
0,6,12
0,7,0
0,8,5
0,9,2
0,10,4
0,11,10
0,12,7
0,13,2
0,14,4
0,15,7
0,16,8
0,17,2
0,18,0
0,19,1
0,20,2
0,21,1
0,22,1
0,23,0
0,24,1
0,25,2
0,26,1
0,27,1
0,28,1
0,29,2
0,30,0
0,31,1
0,32,1
0,33,1
1,0,0
1,1,4
1,2,2
1,3,12
1,4,14
1,5,2
1,6,12
1,7,0
1,8,5
1,9,2
1,10,4
1,11,10
1,12,7
1,13,2
1,14,4
1,15,7
1,16,8
1,17,2
1,18,0
1,19,1
1,20,2
1,21,1
1,22,1
1,23,0
1,24,1
1,25,2
1,26,1
1,27,1
1,28,1
1,29,2
1,30,0
1,31,1
1,32,2
1,33,1
2,0,0
2,1,4
2,2,2
2,3,12
2,4,14
2,5,2
2,6,12
2,7,0
2,8,5
2,9,2
2,10,4
2,11,10
2,12,7
2,13,2
2,14,4
2,15,7
2,16,8
2,17,2
2,18,0
2,19,1
2,20,2
2,21,1
2,22,1
2,23,0
2,24,1
2,25,2
2,26,1
2,27,1
2,28,1
2,29,2
2,30,1
2,31,0
2,32,2
2,33,1
3,0,0
3,1,4
3,2,2
3,3,12
3,4,14
3,5,2
3,6,12
3,7,0
3,8,5
3,9,2
3,10,4
3,11,10
3,12,7
3,13,2
3,14,4
3,15,7
3,16,8
3,17,2
3,18,0
3,19,1
3,20,2
3,21,1
3,22,1
3,23,0
3,24,1
3,25,2
3,26,1
3,27,1
3,28,1
3,29,2
3,30,1
3,31,0
3,32,1
3,33,1
4,0,0
4,1,4
4,2,2
4,3,12
4,4,14
4,5,2
4,6,12
4,7,0
4,8,5
4,9,2
4,10,4
4,11,10
4,12,7
4,13,2
4,14,4
4,15,7
4,16,8
4,17,2
4,18,0
4,19,1
4,20,2
4,21,1
4,22,1
4,23,0
4,24,1
4,25,2
4,26,1
4,27,1
4,28,1
4,29,2
4,30,1
4,31,1
4,32,1
4,33,1
0,0,0
0,1,4
0,2,2
0,3,12
0,4,14
0,5,2
0,6,12
0,7,0
0,8,5
0,9,2
0,10,4
0,11,10
0,12,7
0,13,2
0,14,4
0,15,7
0,16,8
0,17,2
0,18,0
0,19,1
0,20,2
0,21,1
0,22,1
0,23,0
0,24,1
0,25,2
0,26,1
0,27,1
0,28,1
0,29,2
0,30,0
0,31,1
0,32,1
0,33,1
1,0,0
1,1,4
1,2,2
1,3,12
1,4,14
1,5,2
1,6,12
1,7,0
1,8,5
1,9,2
1,10,4
1,11,10
1,12,7
1,13,2
1,14,4
1,15,7
1,16,8
1,17,2
1,18,0
1,19,1
1,20,2
1,21,1
1,22,1
1,23,0
1,24,1
1,25,2
1,26,1
1,27,1
1,28,1
1,29,2
1,30,0
1,31,1
1,32,2
1,33,1
2,0,0
2,1,4
2,2,2
2,3,12
2,4,14
2,5,2
2,6,12
2,7,0
2,8,5
2,9,2
2,10,4
2,11,10
2,12,7
2,13,2
2,14,4
2,15,7
2,16,8
2,17,2
2,18,0
2,19,1
2,20,2
2,21,1
2,22,1
2,23,0
2,24,1
2,25,2
2,26,1
2,27,1
2,28,1
2,29,2
2,30,1
2,31,0
2,32,2
2,33,1
3,0,0
3,1,4
3,2,2
3,3,12
3,4,14
3,5,2
3,6,12
3,7,0
3,8,5
3,9,2
3,10,4
3,11,10
3,12,7
3,13,2
3,14,4
3,15,7
3,16,8
3,17,2
3,18,0
3,19,1
3,20,2
3,21,1
3,22,1
3,23,0
3,24,1
3,25,2
3,26,1
3,27,1
3,28,1
3,29,2
3,30,1
3,31,0
3,32,1
3,33,1
4,0,0
4,1,4
4,2,2
4,3,12
4,4,14
4,5,2
4,6,12
4,7,0
4,8,5
4,9,2
4,10,4
4,11,10
4,12,7
4,13,2
4,14,4
4,15,7
4,16,8
4,17,2
4,18,0
4,19,1
4,20,2
4,21,1
4,22,1
4,23,0
4,24,1
4,25,2
4,26,1
4,27,1
4,28,1
4,29,2
4,30,1
4,31,1
4,32,1
4,33,1
0,0,0
0,1,4
0,2,2
0,3,12
0,4,14
0,5,2
0,6,12
0,7,0
0,8,5
0,9,2
0,10,4
0,11,10
0,12,7
0,13,2
0,14,4
0,15,7
0,16,8
0,17,2
0,18,0
0,19,1
0,20,2
0,21,1
0,22,1
0,23,0
0,24,1
0,25,2
0,26,1
0,27,1
0,28,1
0,29,2
0,30,0
0,31,1
0,32,1
0,33,1
1,0,0
1,1,4
1,2,2
1,3,12
1,4,14
1,5,2
1,6,12
1,7,0
1,8,5
1,9,2
1,10,4
1,11,10
1,12,7
1,13,2
1,14,4
1,15,7
1,16,8
1,17,2
1,18,0
1,19,1
1,20,2
1,21,1
1,22,1
1,23,0
1,24,1
1,25,2
1,26,1
1,27,1
1,28,1
1,29,2
1,30,0
1,31,1
1,32,2
1,33,1
2,0,0
2,1,4
2,2,2
2,3,12
2,4,14
2,5,2
2,6,12
2,7,0
2,8,5
2,9,2
2,10,4
2,11,10
2,12,7
2,13,2
2,14,4
2,15,7
2,16,8
2,17,2
2,18,0
2,19,1
2,20,2
2,21,1
2,22,1
2,23,0
2,24,1
2,25,2
2,26,1
2,27,1
2,28,1
2,29,2
2,30,1
2,31,0
2,32,2
2,33,1
3,0,0
3,1,4
3,2,2
3,3,12
3,4,14
3,5,2
3,6,12
3,7,0
3,8,5
3,9,2
3,10,4
3,11,10
3,12,7
3,13,2
3,14,4
3,15,7
3,16,8
3,17,2
3,18,0
3,19,1
3,20,2
3,21,1
3,22,1
3,23,0
3,24,1
3,25,2
3,26,1
3,27,1
3,28,1
3,29,2
3,30,1
3,31,0
3,32,1
3,33,1
4,0,0
4,1,4
4,2,2
4,3,12
4,4,14
4,5,2
4,6,12
4,7,0
4,8,5
4,9,2
4,10,4
4,11,10
4,12,7
4,13,2
4,14,4
4,15,7
4,16,8
4,17,2
4,18,0
4,19,1
4,20,2
4,21,1
4,22,1
4,23,0
4,24,1
4,25,2
4,26,1
4,27,1
4,28,1
4,29,2
4,30,1
4,31,1
4,32,1
4,33,1
5,0,1
5,11,3
5,32,0
5,33,0
