24,1,1.0
19,1,1.0
19,1020200017007,5.0
19,1000211255106,4.0
19,1000000028008,5.0
25,1,1.0
20,1,1.0
4,1,1.0
4,1000001127209,4.0
4,1000001015038,4.0
4,1000001029009,5.0
4,1000000014005,4.0
4,1000121144117,4.0
4,1011312158008,5.0
4,1000001123015,4.0
4,1000000116419,4.0
4,1000010136609,4.0
4,1000001026107,5.0
4,1000000018019,4.0
4,1000111249009,5.0
4,1000212268008,4.0
4,1000000007007,4.0
4,1011301145016,4.0
4,1000000016208,4.0
4,1000110133306,4.0
4,1101221259009,4.0
4,1100211145107,4.0
4,1110311047007,4.0
4,1010101135005,4.0
4,1001100128019,4.0
4,1100210136409,5.0
4,1000101039109,4.0
4,1101321368008,4.0
4,1000111044117,4.0
4,1000110244307,4.0
4,1000123177209,5.0
4,1000000025016,4.0
4,1101310135005,5.0
4,1310522178019,4.0
4,1000000015309,4.0
4,1000000011406,4.0
4,1000000027008,4.0
4,1000001013239,4.0
4,1001110239309,4.0
4,1200321058019,5.0
4,1000000127008,4.0
4,1000101246107,4.0
4,1000101026028,4.0
4,1001101128309,4.0
4,1002301235509,4.0
4,1000000001649,4.0
4,1000000008019,4.0
4,1000101025005,4.0
4,1000101146006,4.0
16,1,5.0
16,1001211256108,4.0
16,1010212148008,4.0
16,1100221045106,4.0
3,1,5.0
3,1100121047239,4.0
3,1000112147008,4.0
3,1000000125118,4.0
13,1,1.0
13,1000102036006,5.0
13,1000112157007,5.0
13,1000001136006,5.0
13,1000102138009,5.0
13,1000000028008,5.0
13,1000102139009,5.0
13,1000102149109,5.0
13,1001101148008,5.0
13,1110332177007,5.0
13,1000111147108,5.0
13,1020313157007,5.0
13,1000111144005,4.0
2,1,1.0
2,1021513166006,4.0
2,1000110125005,4.0
2,1000101037209,4.0
2,1000110126006,4.0
2,1000000006018,5.0
2,1110222156018,4.0
2,1211512157007,4.0
2,1000111036107,4.0
2,1000000127129,4.0
10,1,5.0
10,1000102136118,5.0
8,1,5.0
8,1000010017119,4.0
8,1010113055039,4.0
8,1000012033048,5.0
8,1000001016107,5.0
1,1,1.0
1,2,2.0
1,1001110236006,4.0
1,1000101038209,4.0
1,1010214167109,4.0
1,1000101137019,4.0
1,1100110027007,5.0
1,1000110126006,4.0
1,1110321267007,4.0
1,1000122056039,5.0
1,1010214169009,4.0
1,1020313167019,4.0
1,1000010126006,4.0
1,1002301237007,4.0
1,1000001026107,5.0
1,1010203256006,4.0
1,1102421378008,5.0
1,1030414165005,4.0
23,1,1.0
23,2,3.0
6,1,5.0
6,1000112047007,4.0
6,1100342287007,4.0
6,1001200234409,4.0
6,1000010128229,4.0
6,1110323288008,4.0
6,1000112151125,4.0
6,1013514285005,4.0
6,1011213274206,4.0
6,1011203276219,5.0
6,1001101244105,4.0
6,1011202259009,4.0
6,1001212256208,4.0
6,1102330493408,4.0
6,1000112048029,4.0
6,1101320368109,4.0
6,1101422389009,4.0
6,1001221483408,4.0
6,1001210133509,4.0
6,1002412274105,4.0
6,1001202477209,5.0
6,1001222375409,4.0
6,1010213276108,5.0
6,1011313387007,4.0
6,1010221155106,4.0
6,1010111037018,4.0
6,1001111145005,4.0
6,1010223177019,4.0
6,1001221262508,4.0
6,1010222053116,4.0
6,1021425295005,4.0
6,1011321276309,4.0
6,1003412374206,4.0
6,1000110135609,4.0
6,1001222494207,4.0
6,1010212155309,4.0
6,1010112044319,4.0
6,1012403376107,4.0
6,1100230377509,4.0
6,1001210241607,4.0
6,1000120031539,4.0
6,1010222166007,4.0
6,1000120251405,5.0
6,1020424187007,4.0
6,1001210240606,4.0
6,1010214067007,4.0
6,1000121155005,5.0
6,1000213267109,4.0
6,1030525296006,4.0
6,1010212157007,4.0
6,1000101143307,4.0
6,1001221153205,4.0
6,1240633072159,4.0
6,1001211142407,4.0
6,1011423396209,4.0
6,1000214385106,4.0
6,1000001125207,4.0
6,1011312265106,4.0
6,1001312265208,4.0
6,1011303267209,4.0
6,1000112264105,4.0
6,1000112044016,4.0
6,1001210244307,4.0
6,1110322277007,4.0
6,1001200241518,4.0
6,1001221266409,4.0
6,1020213164005,4.0
6,1110221045128,3.0
6,1001230256419,4.0
6,1000102265005,5.0
6,1100241176409,4.0
6,1100121033058,4.0
6,1001220363509,4.0
6,1001220362609,4.0
6,1000211257309,4.0
6,1020413286007,4.0
6,1021424287007,4.0
6,1020303375208,4.0
11,1,3.0
11,1000000006007,4.0
11,1200332177008,4.0
11,1000001027109,4.0
11,1010113057018,4.0
11,1000011036006,5.0
11,1000122055006,5.0
11,1021313166007,4.0
11,1010102035117,4.0
11,1000011035106,4.0
11,1000012047019,4.0
11,1000112155005,4.0
11,1000112046018,4.0
11,1000123166108,4.0
11,1000101127019,4.0
11,1000111148009,4.0
11,1000000116006,4.0
11,1003310139019,4.0
11,1000000008039,4.0
11,1000112046006,5.0
11,1200323056006,4.0
11,1001111137029,4.0
11,1000111038008,4.0
11,1000111147109,4.0
11,1000002037007,4.0
11,1000111147029,4.0
11,1000000007109,4.0
11,1000000010505,4.0
11,1002200237108,4.0
11,1010213055016,4.0
11,1000111138109,4.0
11,1001311137219,4.0
11,1100222159009,4.0
11,1000102137018,4.0
11,1000001027109,4.0
11,1000111147029,4.0
11,1000103047007,5.0
11,1010212146007,4.0
11,1010102038009,4.0
11,1000213166006,5.0
11,1012413168109,4.0
11,1000102137119,4.0
11,1000111038029,4.0
11,1120312156006,5.0
7,1,1.0
7,1000122059039,4.0
7,1011303257109,4.0
7,1000112033127,4.0
7,1100212158119,4.0
7,1000122047039,4.0
7,1000010027119,4.0
7,1110323176017,5.0
7,1010122054026,4.0
7,1200241064138,4.0
7,1010213168009,4.0
7,1010224075049,4.0
7,1200222043058,5.0
7,1000002034015,4.0
7,1010113167008,4.0
7,1000132064027,4.0
7,1010236195039,4.0
7,1020302037229,4.0
7,1000001014026,4.0
7,1100111034048,4.0
7,1110232055049,4.0
7,1000000015229,4.0
7,1000000028019,4.0
18,1,5.0
18,1121514295005,4.0
18,1024713267108,4.0
18,1021414287007,4.0
18,1021302249109,5.0
18,1020302033026,4.0
14,1,1.0
14,1000010013349,4.0
14,1000000018109,5.0
14,1000000001326,4.0
14,1000000007029,4.0
14,1000000007309,4.0
14,1000000007039,4.0
14,1000000004307,4.0
14,1000000003026,4.0
14,1000000004419,4.0
14,1000000004229,4.0
14,1000000012137,4.0
14,1000000006329,4.0
14,1000000008219,4.0
14,1000000007119,5.0
14,1000000008309,4.0
14,1000000007139,4.0
14,1000000004217,4.0
14,1000000018119,4.0
14,1000000007319,4.0
14,1000000007229,4.0
14,1000000019109,4.0
14,1000000014016,5.0
14,1000000002126,4.0
14,1000000009029,4.0
14,1000000014249,4.0
14,1000000011136,4.0
14,1000000008008,5.0
14,1000000007229,4.0
14,1000000008119,4.0
14,1000000008039,5.0
14,1000000006229,4.0
14,1000000018019,5.0
14,1000000017319,4.0
14,1000000018019,5.0
14,1000000013015,4.0
14,1000000008109,4.0
14,1000000006219,4.0
14,1000000009009,5.0
14,1000000017039,4.0
14,1000000008029,5.0
14,1000000007139,4.0
14,1212633297229,4.0
14,1000000004159,4.0
14,1000000005038,5.0
14,1100222058209,5.0
14,1400521046029,4.0
14,1000000006219,4.0
14,1000000002216,4.0
14,1000000008129,5.0
14,1010103047008,5.0
14,1000000007129,4.0
14,1000000006249,4.0
14,1000002027018,5.0
14,1000000002429,4.0
14,1000000008049,4.0
14,1000000007039,5.0
14,1000000008129,5.0
14,1000000005028,4.0
14,1000000018119,4.0
12,1,5.0
12,1110423172125,4.0
12,1110322046017,5.0
12,1011202147018,4.0
12,1211533295106,4.0
12,1000000003058,5.0
12,1210433196017,4.0
12,1021303256118,5.0
12,1110322165016,4.0
12,1001100236006,5.0
12,1060703158019,5.0
12,1221633396007,5.0
12,1001200236006,5.0
22,1,5.0
22,1000122059039,4.0
22,1100222052126,4.0
22,1000021047039,4.0
22,1000010016119,4.0
22,1010122053025,4.0
22,1200241064138,5.0
22,1010224075049,4.0
22,1100222043058,5.0
22,1000132064027,4.0
22,1000112045039,4.0
22,1000001014026,4.0
22,1000001012025,4.0
22,1110232055049,4.0
22,1000012035229,4.0
17,1,1.0
15,1,5.0
9,1,1.0
5,1,5.0
5,1000000006007,4.0
5,1200332177008,4.0
5,1000001027109,4.0
5,1010114167018,4.0
5,1000011036006,5.0
5,1000122055006,5.0
5,1021313176007,4.0
5,1010102046119,4.0
5,1000012047019,4.0
5,1000011036129,4.0
5,1000112155005,4.0
5,1020315186018,4.0
5,1000123166108,4.0
5,1000111147019,4.0
5,1000111148009,4.0
5,1000110025107,4.0
5,1003310139019,4.0
5,1000000008039,4.0
5,1000112046006,5.0
5,1200423176107,4.0
5,1000111157109,4.0
5,1000103148009,4.0
5,1010112046006,4.0
5,1010112047008,4.0
5,1000112057007,4.0
5,1000111147029,4.0
5,1000000007109,4.0
5,1000000010505,4.0
5,1000000002739,4.0
5,1300320036006,5.0
5,1002200237108,4.0
5,1000000008229,4.0
5,1300420036006,4.0
5,1010213055016,4.0
5,1000111138109,4.0
5,1001311137219,4.0
5,1100222157007,4.0
5,1000112157018,4.0
5,1000001027109,4.0
5,1000112145005,4.0
5,1000111147029,4.0
5,1000003047007,5.0
5,1010212146007,4.0
5,1010112059009,4.0
5,1000001026029,4.0
5,1000213166006,5.0
5,1000112147119,4.0
5,1000111037029,4.0
5,1120412166006,4.0
21,1,1.0
21,1000000002036,3.0
21,1100222053137,4.0
26,1,1.0
26,2,3.0
26,1000000010000,1.0
26,